fx: 611.4 # 1920.0 1280.0
fy: 610.7 # 1080.0
cx: 637.2 # 960.0 640.0
cy: 367.9 # 540.0 360.0
k1: 0.108
k2: -0.137
p1: -0.001
p2: 0.001
k3: 0.050
width: 1280
height: 720
process_noise: 5.0
measurement_noise: 5.0