fx: 360.0 # 1920.0 1280.0
fy: 360.0 # 1080.0
cx: 320.0 # 960.0 640.0
cy: 240.0 # 540.0 360.0
k1: 0.0
k2: 0.0
p1: 0.0
p2: 0.0
k3: 0.0
width: 640 # 1920 1280*1080
height: 480 # 1080
process_noise: 0.50
measurement_noise: 1.0
# cap_frame_width: 1920
# cap_frame_height: 1080