pid:
  p: 0.5
  i: 0.15
  d: 0.07
  ff: 0
  dff: 0
  imax: 10
limits:
  speed_max_xy: 0.5
  speed_max_z: 0.2
  speed_max_yaw: 0.05
  accel_max_xy: 0.5
  accel_max_z: 0.1
accuracy: 0.1     # 到达目标范围内的精度 单位：%
shot_duration: 2  # 到达范围内稳定时间后投弹 的持续时间 单位：s
tar_x_l: 650.0      # 目标x坐标，单位：px  0使用默认值
tar_y_l: 450.0
tar_x_r: 710.0     # 目标x坐标，单位：px  0使用默认值
tar_y_r: 450.0
tar_z: 1.2
# pid_bucket:
  # p: 0.40
  # i: 0.40
  # d: 0.15
  # ff: 0
  # dff: 0
  # imax: 10
  
# p=1,v=0.3 Kp:1.658121 Ki:1500.000000 Kd:375.000000
# 峰高和周期时间的方差: 0.009935 89.267853
# p=1,v=0.1 Kp:0.826094 Ki:1500.000000 Kd:375.000000

